437798
1420
929534
329802
678344
935450
488757
491764
246255
97579
695853
830241
1108
23349
845141
169389
12844
-7720
703937
810268
286981
955101
169551
480940
705993
259614
754587
157227
568162
721235
790682
566752
837615
81833
514717
121420
503737
42263
519788
177326
957001
952429
738934
176070
522910
468427
229940
108284
823248
759856
946106
174649
902221
-1988
493695
470550
430623
540746
692936
484671
854082
405555
682103
743597
541982
492602
242099
200668
919800
55750
119111
427655
873691
779614
732716
147002
504689
578492
660241
237017
222981
250396
808408
27795
948103
480232
174834
268871
545393
842495
275887
840214
513892
490173
2699
527618
94559
286671
3702
963529
935682
721418
229988
189038
669737
999028
470395
7156
157325
221179
259060
77061
407378
998075
542368
459095
859350
815213
639474
467786
485396
822474
364166
958134
593763
319261
102493
286245
905757
501314
255849
137749
418244
892345
590372
947806
27050
727668
842006
658423
831933
36255
434353
91350
477719
57634
216337
724782
701516
598117
419623
912095
500006
470082
144738
655635
644823
388700
305508
384505
71890
917710
366481
639767
773613
742134
741591
651783
831359
187535
738933
620103
972940
575797
495098
589732
692170
202448
99416
465145
632060
870862
472820
597314
294620
790932
211167
660110
655343
352398
398499
107785
486158
70884
205592
557787
280806
396066
324262
145569
711721
721790
899566
256758
398210
274586
395244
466940
335660
588145
979783
586251
550511
144413
236466
294604
153873
716217
792464
735289
638541
795350
331941
560407
575750
799480
991183
626929
567969
970522
432756
687493
661431
874962
680211
862350
48901
993747
218692
649749
998132
600770
978819
154661
853251
839101
633408
215177
46265
240639
696325
29711
346901
54697
301762
767805
69430
28703
65416
393002
70457
601571
256145
377342
743645
817587
850139
400445
334155
642443
843392
540983
786180
792977
885383
405829
54955
222560
44151
430648
864574
327942
515764
271414
339715
217016
271999
648736
-7753
829580
292509
899973
124050
126030
46295
251008
196152
447645
91316
530295
20487
606065
860291
91037
30176
661989
986793
996130
670539
295837
117334
964050
959447
117948
761656
385275
185591
816786
343817
935076
211181
701720
648574
739244
79264
379430
132666
313163
420275
383371
430029
87557
107643
168023
848584
124200
814441
897181
393350
767102
434131
604616
829962
816934
918272
806625
201102
259205
422725
967133
32299
891348
754059
514303
561302
111950
230469
741174
627312
162713
95688
688522
17965
509868
463297
262147
369245
488545
909220
78412
398474
717464
584622
491729
402849
646390
363936
17306
202267
761393
246410
393033
748021
792266
928730
354465
103246
885332
721643
409835
449683
667972
534776
47015
647107
639460
846258
984104
746596
379873
363152
891803
981680
394904
709139
274543
605962
679269
151894
758699
940935
340718
328466
213004
978221
154648
6350
753194
35681
996646
307982
160531
911602
371351
851806
269821
648582
255930
778977
699231
664411
144601
4084
954523
335637
327467
141748
27604
405673
858291
413949
603948
919225
762479
26301
604868
670607
352338
702229
880453
638341
414519
236425
183053
68170
872021
390057
564287
758290
593847
740658
818875
958213
525966
791841
26064
159258
730326
647780
895798
862524
797249
109028
347750
19845
534052
400632
811272
205518
855684
261196
65344
877083
944768
692757
662880
221919
714008
385569
50809
-2168
93437
725408
21120
456012
743261
-1725
309489
543991
944075
380197
237608
372069
139909
158931
997735
925443
780031
69897
959910
100368
602608
837358
232396
44185
319167
736239
469452
24271
481680
293021
208236
582081
55614
112970
281258
795781
769372
13398
264087
251295
891546
598598
969209
163244
969340
797160
700039
993989
630191
686742
844260
75130
881283
1818
809476
27113
824127
750392
12230
882872
861829
310691
485578
194871
75159
7778
477346
480630
906737
70755
610477
927106
393939
689025
217699
127440
483549
822511
288173
887222
463285
659762
752078
745708
259584
608994
5906
216114
15241
65404
606532
872718
146518
913564
365870
853278
239907
662822
411399
20385
175183
189977
581276
227488
360393
452123
891862
385870
555674
935940
474549
302040
110363
23424
593825
364912
156662
436076
573658
5960
367942
213710
738242
532770
996204
834557
727535
437994
545137
873841
92126
410792
629104
381118
553707
873479
522933
773834
793135
249161
600112
699440
703964
827746
449914
271560
3850
294564
451365
380933
253129
213434
18239
750667
184722
304506
266986
67176
789548
49039
853415
835645
998175
273253
827970
77193
934680
281972
923712
940546
687379
574138
590287
749448
946870
134082
133616
303412
777656
447455
521514
580261
866114
328511
893581
662632
571560
86155
864345
113529
532235
933497
146553
938944
777962
797100
750961
175328
811879
146355
870325
711915
269854
702247
689951
218669
932353
432283
719148
41937
144391
135594
305798
775414
329736
31296
142310
778260
112514
411553
456623
147497
855262
909205
875125
931887
593575
625855
-4854
555265
927312
453885
8533
513475
421776
361993
838917
678567
291979
958834
328055
502291
714600
981727
186169
216051
798313
149867
872797
117434
93512
679491
799789
396580
113420
66498
164157
546723
338428
131191
408258
323250
57941
599187
192079
286733
490600
556107
247991
693442
853482
295559
944603
115160
627720
388482
429675
346188
280037
842133
510493
388357
373795
502638
638614
862219
526591
21232
392364
957514
152225
256779
882764
754355
449229
260070
244004
269607
616143
579156
322441
985052
180053
721423
867203
899878
598464
297520
742024
428404
226842
536889
302084
561121
6271
562257
296080
729725
486288
356826
295001
228261
740029
583786
893699
859048
313339
90961
579653
790175
379062
966592
965689
724498
164330
653845
742861
361784
168239
899145
838946
565707
138908
676872
72727
290795
628575
18345
742551
55331
336275
623579
319029
668248
17814
458184
963704
941856
986613
939758
283003
441943
903820
320845
302193
708233
82873
664814
486273
540485
622964
380793
904126
692930
374489
591657
996907
377182
73646
450396
747318
366215
75547
632872
132649
418885
853072
708606
331457
819280
759765
162469
784695
212081
972782
432763
941151
810316
93660
650143
536796
357434
534013
824401
7260
387458
322418
711695
239312
191902
463412
17716
703145
707922
962079
61356
906905
423174
370488
524045
444402
339061
710580
130581
528498
674855
394776
794809
641233
507435
425519
128789
572723
851363
232224
319039
430176
552194
803189
381061
966043
77115
8327
680305
446771
264155
368262
670479
238039
419005
107970
468271
143562
327776
668279
614756
561889
309520
719195
164941
316090
601490
366214
140272
649573
840463
288810
209516
372555
550695
758048
600445
339682
452722
688849
708457
75596
369905
863097
405757
567726
683449
843756
187075
882591
332256
293537
220789
338896
234761
51587
426992
432140
536823
776724
576725
368299
263550
266339
740658
463730
473922
376125
228698
67054
417045
960962
275660
145177
